Correlation Matrix (30x30): 

[[  1.00000000e+00   4.20777940e-01   4.45248395e-01   3.81532004e-01
    4.06046516e-01   3.93859635e-01   4.32924513e-01   4.34371555e-01
    3.33194343e-01   4.28251801e-01   4.38767629e-02  -1.09727238e-01
    8.29443238e-02  -4.07908508e-02  -1.03151157e-01  -7.28678309e-02
    4.08301143e-02  -6.70522202e-02  -1.37858059e-02   3.87818048e-02
   -1.27995904e-01   3.35343969e-02  -5.65818360e-02  -5.47240259e-02
    7.89956132e-02   5.07005961e-02  -1.01205617e-01   4.87152871e-03
    1.75535873e-02  -5.24402838e-02]
 [  4.20777940e-01   1.00000000e+00   4.07562948e-01   5.00555991e-01
    4.95161759e-01   5.21198145e-01   4.65096684e-01   4.76649071e-01
    4.69029309e-01   5.30119129e-01  -8.47905756e-03  -2.52614674e-02
   -1.55984652e-02  -6.35079032e-02  -1.30857322e-01  -4.77449657e-02
    3.59690328e-02  -1.22587565e-02  -3.94224488e-03   5.38010552e-02
   -3.55854986e-03  -1.61603057e-02   3.43529198e-02  -9.36271184e-04
    1.45793007e-02  -2.88912668e-02   4.27193238e-03   4.17567424e-02
   -4.29462788e-02  -1.47002561e-02]
 [  4.45248395e-01   4.07562948e-01   1.00000000e+00   3.71656943e-01
    3.75503071e-01   4.02960965e-01   3.55724156e-01   4.01031231e-01
    3.39825309e-01   4.48876182e-01   7.49234546e-02   1.40248652e-02
   -3.71789370e-03   8.03193420e-03  -2.25677868e-03  -6.32090263e-02
   -9.61607037e-03  -1.72122054e-02  -4.38197544e-02   5.51369809e-02
   -1.20502180e-01   6.49304840e-02   9.63568664e-03   3.56418732e-02
    4.07068602e-02   2.49944737e-02   7.37478543e-02   7.06140677e-02
   -7.60406714e-02  -5.56002954e-03]
 [  3.81532004e-01   5.00555991e-01   3.71656943e-01   1.00000000e+00
    4.71999351e-01   4.04172235e-01   4.07058058e-01   4.93247735e-01
    4.10879370e-01   5.03205060e-01   1.23518854e-02   2.13900533e-02
   -2.99718689e-02  -1.97063958e-02  -7.33235575e-02   1.98936149e-03
   -4.28613532e-02  -1.15959714e-01   1.98936149e-03  -3.45270073e-02
   -9.69698948e-02   3.95199948e-02   1.69921207e-02  -1.21491594e-03
    6.62139219e-02   1.26727768e-01  -1.41034526e-01  -1.47627107e-02
   -7.09259994e-02   9.62268552e-02]
 [  4.06046516e-01   4.95161759e-01   3.75503071e-01   4.71999351e-01
    1.00000000e+00   4.30152144e-01   4.14174588e-01   4.43633539e-01
    4.77946755e-01   4.60707733e-01   1.65481964e-01  -8.33760882e-02
   -2.99918948e-02   6.44241213e-02  -1.25434912e-01  -1.65091836e-02
    1.49138367e-03  -8.81226470e-02   5.22790812e-02  -1.57652988e-02
   -8.47571733e-02   1.11274165e-01  -2.08314814e-02   3.08069218e-03
    1.19761029e-01  -1.08063496e-01  -9.39216410e-02  -3.45546165e-02
    6.53995627e-02   7.08098023e-03]
 [  3.93859635e-01   5.21198145e-01   4.02960965e-01   4.04172235e-01
    4.30152144e-01   1.00000000e+00   4.22801001e-01   4.75975345e-01
    4.09233752e-01   4.69043648e-01  -4.16265625e-02  -7.27954449e-02
    2.31052910e-02  -5.52086633e-02   1.11744051e-02  -1.15618272e-01
    6.57338404e-02  -4.49600003e-02   2.83902518e-02  -3.61175090e-02
   -1.13650418e-01  -3.07976625e-02   2.28437495e-02  -1.63330028e-03
    5.30234644e-02  -7.80134888e-02  -4.49120705e-02   4.76787919e-02
   -8.80163109e-02   6.69675925e-02]
 [  4.32924513e-01   4.65096684e-01   3.55724156e-01   4.07058058e-01
    4.14174588e-01   4.22801001e-01   1.00000000e+00   4.39115937e-01
    3.93734758e-01   4.51787983e-01   8.38646883e-03  -1.57506733e-03
    6.91064880e-02  -5.80436144e-03  -5.78284559e-02   3.86727351e-02
   -6.22291049e-03   4.16492636e-03   7.89568342e-02  -7.28743726e-02
   -1.42362262e-01   1.42905453e-04  -2.54936758e-02   4.09619307e-02
    1.14828878e-01  -8.02412898e-03  -3.30923573e-02   5.79486399e-02
   -7.54023214e-02  -4.93807252e-02]
 [  4.34371555e-01   4.76649071e-01   4.01031231e-01   4.93247735e-01
    4.43633539e-01   4.75975345e-01   4.39115937e-01   1.00000000e+00
    4.80612277e-01   5.01430979e-01  -5.49277380e-02  -1.36747092e-02
    1.61671640e-02  -1.10235503e-02  -5.68216276e-02   7.86928277e-03
    4.81624132e-02  -1.83916345e-02   1.60883114e-01  -4.17321314e-02
    7.10337283e-03   3.61354704e-02   8.84324317e-02  -3.81795855e-02
    4.55190800e-02  -5.73424770e-02  -1.06920302e-01   1.16294082e-01
    2.72767393e-02  -7.05353481e-02]
 [  3.33194343e-01   4.69029309e-01   3.39825309e-01   4.10879370e-01
    4.77946755e-01   4.09233752e-01   3.93734758e-01   4.80612277e-01
    1.00000000e+00   4.36280428e-01  -3.21123497e-02  -2.83693004e-02
   -5.59732409e-02  -2.76737201e-02  -1.30818012e-01   7.76793578e-02
   -1.23188137e-02   2.73893936e-03   5.63388749e-02  -4.11693460e-02
   -2.86061989e-02   5.55668078e-02  -1.17653211e-02  -5.39556724e-02
    8.30500855e-02  -9.23942825e-02  -1.19752826e-01  -2.42012779e-02
    3.04337866e-02  -3.53723728e-02]
 [  4.28251801e-01   5.30119129e-01   4.48876182e-01   5.03205060e-01
    4.60707733e-01   4.69043648e-01   4.51787983e-01   5.01430979e-01
    4.36280428e-01   1.00000000e+00  -1.86199043e-02  -3.71701108e-02
   -6.58191486e-03  -1.46761589e-02  -3.72890260e-02   3.76088018e-03
    8.45965461e-02  -7.76921202e-02  -3.80266773e-02   2.53840119e-02
    4.58303025e-02   4.87705924e-02   4.02355430e-02  -8.84265643e-02
    1.28743463e-01   3.93407915e-02  -4.71805954e-02   6.75060154e-02
    4.09705165e-02  -2.21881503e-02]
 [  4.38767629e-02  -8.47905756e-03   7.49234546e-02   1.23518854e-02
    1.65481964e-01  -4.16265625e-02   8.38646883e-03  -5.49277380e-02
   -3.21123497e-02  -1.86199043e-02   1.00000000e+00  -1.05687234e-01
    3.65851214e-02   5.13675612e-02  -1.23039860e-01  -1.08122743e-01
    1.50549353e-02   4.23412051e-02  -1.70272036e-03   2.95521144e-02
   -8.55914747e-02   5.67788156e-02  -2.69390416e-02   2.70364211e-02
    4.86809601e-02   1.11507606e-01   4.94988337e-03  -6.02620734e-02
    9.10597275e-02   8.19593971e-02]
 [ -1.09727238e-01  -2.52614674e-02   1.40248652e-02   2.13900533e-02
   -8.33760882e-02  -7.27954449e-02  -1.57506733e-03  -1.36747092e-02
   -2.83693004e-02  -3.71701108e-02  -1.05687234e-01   1.00000000e+00
   -1.06104678e-01  -5.95041138e-02   3.97801955e-02  -2.27849554e-03
    1.09296560e-01   1.36874883e-01   4.32914153e-02   9.12580777e-03
   -4.62764632e-03  -8.89111063e-03  -5.04236451e-02  -2.64383477e-02
    2.13900533e-02  -3.85344419e-03  -5.64081755e-02  -1.77754186e-02
    1.01542992e-01  -2.40528862e-02]
 [  8.29443238e-02  -1.55984652e-02  -3.71789370e-03  -2.99718689e-02
   -2.99918948e-02   2.31052910e-02   6.91064880e-02   1.61671640e-02
   -5.59732409e-02  -6.58191486e-03   3.65851214e-02  -1.06104678e-01
    1.00000000e+00   5.82205063e-02  -5.41919045e-03   1.11742449e-02
    6.74885016e-02  -3.95531087e-02   1.50852306e-01   8.57803685e-02
   -8.67273163e-02   9.62685015e-03  -3.23830416e-02  -5.86148637e-02
   -1.29423979e-02   2.18978454e-02  -2.12568267e-02   8.79339352e-02
   -1.35168507e-01  -5.68424509e-02]
 [ -4.07908508e-02  -6.35079032e-02   8.03193420e-03  -1.97063958e-02
    6.44241213e-02  -5.52086633e-02  -5.80436144e-03  -1.10235503e-02
   -2.76737201e-02  -1.46761589e-02   5.13675612e-02  -5.95041138e-02
    5.82205063e-02   1.00000000e+00  -5.70095711e-02   6.50736567e-02
   -2.56000654e-03  -2.88124322e-02   6.50736567e-02  -3.64324811e-02
   -5.96875194e-02   2.30844939e-02   1.60553931e-01  -6.53801961e-02
   -1.79149053e-03  -8.32308545e-02   1.07085917e-01  -5.55195726e-02
   -1.49680516e-01  -1.42218530e-02]
 [ -1.03151157e-01  -1.30857322e-01  -2.25677868e-03  -7.33235575e-02
   -1.25434912e-01   1.11744051e-02  -5.78284559e-02  -5.68216276e-02
   -1.30818012e-01  -3.72890260e-02  -1.23039860e-01   3.97801955e-02
   -5.41919045e-03  -5.70095711e-02   1.00000000e+00  -2.71312735e-02
    1.52571467e-01   5.80359506e-02  -4.97406680e-02   7.09346896e-02
   -3.21439282e-02  -1.05871242e-01  -5.17907431e-02   3.03769481e-02
   -1.54365384e-02  -4.58850351e-02  -1.44174279e-02   1.10993216e-01
   -6.04563542e-02   3.41982889e-02]
 [ -7.28678309e-02  -4.77449657e-02  -6.32090263e-02   1.98936149e-03
   -1.65091836e-02  -1.15618272e-01   3.86727351e-02   7.86928277e-03
    7.76793578e-02   3.76088018e-03  -1.08122743e-01  -2.27849554e-03
    1.11742449e-02   6.50736567e-02  -2.71312735e-02   1.00000000e+00
    1.70565627e-02   3.61499448e-02   4.42890443e-02  -1.01141164e-02
    1.89371525e-02   5.29221924e-02   6.15407548e-02   2.63358270e-02
   -1.17372328e-01  -6.96463261e-02   5.15875204e-02   2.61687221e-02
    1.03882999e-01  -7.96978586e-02]
 [  4.08301143e-02   3.59690328e-02  -9.61607037e-03  -4.28613532e-02
    1.49138367e-03   6.57338404e-02  -6.22291049e-03   4.81624132e-02
   -1.23188137e-02   8.45965461e-02   1.50549353e-02   1.09296560e-01
    6.74885016e-02  -2.56000654e-03   1.52571467e-01   1.70565627e-02
    1.00000000e+00   3.19246755e-02   4.07462331e-02   6.37288303e-02
    6.35104114e-02   2.79005168e-02   3.53184342e-02  -1.22539176e-01
   -2.26437338e-02   1.37109679e-02   7.03775484e-02  -4.54367591e-02
    3.80069737e-02  -2.97109335e-02]
 [ -6.70522202e-02  -1.22587565e-02  -1.72122054e-02  -1.15959714e-01
   -8.81226470e-02  -4.49600003e-02   4.16492636e-03  -1.83916345e-02
    2.73893936e-03  -7.76921202e-02   4.23412051e-02   1.36874883e-01
   -3.95531087e-02  -2.88124322e-02   5.80359506e-02   3.61499448e-02
    3.19246755e-02   1.00000000e+00   7.77016054e-02   5.90799163e-02
    1.85662008e-02   1.42979991e-02   1.11152390e-01   6.47084640e-03
   -4.50363416e-02   7.26155638e-03   7.90216836e-02  -4.29314949e-02
    1.11106996e-02  -5.95763632e-03]
 [ -1.37858059e-02  -3.94224488e-03  -4.38197544e-02   1.98936149e-03
    5.22790812e-02   2.83902518e-02   7.89568342e-02   1.60883114e-01
    5.63388749e-02  -3.80266773e-02  -1.70272036e-03   4.32914153e-02
    1.50852306e-01   6.50736567e-02  -4.97406680e-02   4.42890443e-02
    4.07462331e-02   7.77016054e-02   1.00000000e+00   4.82365551e-02
    1.89371525e-02   3.22494610e-02  -5.15856327e-02  -2.70476062e-02
    1.98936149e-03   1.79591155e-02  -1.01426311e-01  -4.03619274e-02
   -1.03882999e-01  -2.46071729e-02]
 [  3.87818048e-02   5.38010552e-02   5.51369809e-02  -3.45270073e-02
   -1.57652988e-02  -3.61175090e-02  -7.28743726e-02  -4.17321314e-02
   -4.11693460e-02   2.53840119e-02   2.95521144e-02   9.12580777e-03
    8.57803685e-02  -3.64324811e-02   7.09346896e-02  -1.01141164e-02
    6.37288303e-02   5.90799163e-02   4.82365551e-02   1.00000000e+00
   -4.42440223e-02  -4.91269432e-02  -1.46499969e-02   2.39943228e-02
    3.18710837e-02   1.08625500e-01   1.04184412e-01   2.69428652e-02
   -4.85416351e-02  -1.72841457e-02]
 [ -1.27995904e-01  -3.55854986e-03  -1.20502180e-01  -9.69698948e-02
   -8.47571733e-02  -1.13650418e-01  -1.42362262e-01   7.10337283e-03
   -2.86061989e-02   4.58303025e-02  -8.55914747e-02  -4.62764632e-03
   -8.67273163e-02  -5.96875194e-02  -3.21439282e-02   1.89371525e-02
    6.35104114e-02   1.85662008e-02   1.89371525e-02  -4.42440223e-02
    1.00000000e+00   3.61084037e-02  -3.12474660e-02  -7.66184009e-02
    4.04041229e-03   1.86823868e-02   5.14994530e-02   7.11655110e-02
    0.00000000e+00   5.44529930e-02]
 [  3.35343969e-02  -1.61603057e-02   6.49304840e-02   3.95199948e-02
    1.11274165e-01  -3.07976625e-02   1.42905453e-04   3.61354704e-02
    5.55668078e-02   4.87705924e-02   5.67788156e-02  -8.89111063e-03
    9.62685015e-03   2.30844939e-02  -1.05871242e-01   5.29221924e-02
    2.79005168e-02   1.42979991e-02   3.22494610e-02  -4.91269432e-02
    3.61084037e-02   1.00000000e+00   6.67778430e-02   2.39874448e-03
   -4.86942793e-02  -7.44306389e-02  -2.20224755e-02  -1.05576721e-01
    7.37037558e-03  -1.07747592e-01]
 [ -5.65818360e-02   3.43529198e-02   9.63568664e-03   1.69921207e-02
   -2.08314814e-02   2.28437495e-02  -2.54936758e-02   8.84324317e-02
   -1.17653211e-02   4.02355430e-02  -2.69390416e-02  -5.04236451e-02
   -3.23830416e-02   1.60553931e-01  -5.17907431e-02   6.15407548e-02
    3.53184342e-02   1.11152390e-01  -5.15856327e-02  -1.46499969e-02
   -3.12474660e-02   6.67778430e-02   1.00000000e+00   7.29558904e-02
   -6.02447917e-02  -2.94210650e-02   1.52083414e-01  -2.18698308e-02
   -6.45320794e-02   7.27224151e-03]
 [ -5.47240259e-02  -9.36271184e-04   3.56418732e-02  -1.21491594e-03
    3.08069218e-03  -1.63330028e-03   4.09619307e-02  -3.81795855e-02
   -5.39556724e-02  -8.84265643e-02   2.70364211e-02  -2.64383477e-02
   -5.86148637e-02  -6.53801961e-02   3.03769481e-02   2.63358270e-02
   -1.22539176e-01   6.47084640e-03  -2.70476062e-02   2.39943228e-02
   -7.66184009e-02   2.39874448e-03   7.29558904e-02   1.00000000e+00
   -1.53079409e-01   1.82974140e-01  -7.15533490e-02  -5.99979981e-02
   -4.44094141e-02   5.42793714e-02]
 [  7.89956132e-02   1.45793007e-02   4.07068602e-02   6.62139219e-02
    1.19761029e-01   5.30234644e-02   1.14828878e-01   4.55190800e-02
    8.30500855e-02   1.28743463e-01   4.86809601e-02   2.13900533e-02
   -1.29423979e-02  -1.79149053e-03  -1.54365384e-02  -1.17372328e-01
   -2.26437338e-02  -4.50363416e-02   1.98936149e-03   3.18710837e-02
    4.04041229e-03  -4.86942793e-02  -6.02447917e-02  -1.53079409e-01
    1.00000000e+00   1.45793007e-02   2.68637193e-02  -3.36892629e-02
    3.54629997e-02   3.35383502e-02]
 [  5.07005961e-02  -2.88912668e-02   2.49944737e-02   1.26727768e-01
   -1.08063496e-01  -7.80134888e-02  -8.02412898e-03  -5.73424770e-02
   -9.23942825e-02   3.93407915e-02   1.11507606e-01  -3.85344419e-03
    2.18978454e-02  -8.32308545e-02  -4.58850351e-02  -6.96463261e-02
    1.37109679e-02   7.26155638e-03   1.79591155e-02   1.08625500e-01
    1.86823868e-02  -7.44306389e-02  -2.94210650e-02   1.82974140e-01
    1.45793007e-02   1.00000000e+00   8.64244782e-02  -4.15900488e-02
   -2.34252430e-02   1.98073874e-02]
 [ -1.01205617e-01   4.27193238e-03   7.37478543e-02  -1.41034526e-01
   -9.39216410e-02  -4.49120705e-02  -3.30923573e-02  -1.06920302e-01
   -1.19752826e-01  -4.71805954e-02   4.94988337e-03  -5.64081755e-02
   -2.12568267e-02   1.07085917e-01  -1.44174279e-02   5.15875204e-02
    7.03775484e-02   7.90216836e-02  -1.01426311e-01   1.04184412e-01
    5.14994530e-02  -2.20224755e-02   1.52083414e-01  -7.15533490e-02
    2.68637193e-02   8.64244782e-02   1.00000000e+00   5.39045529e-02
   -3.11734163e-02   1.55673717e-02]
 [  4.87152871e-03   4.17567424e-02   7.06140677e-02  -1.47627107e-02
   -3.45546165e-02   4.76787919e-02   5.79486399e-02   1.16294082e-01
   -2.42012779e-02   6.75060154e-02  -6.02620734e-02  -1.77754186e-02
    8.79339352e-02  -5.55195726e-02   1.10993216e-01   2.61687221e-02
   -4.54367591e-02  -4.29314949e-02  -4.03619274e-02   2.69428652e-02
    7.11655110e-02  -1.05576721e-01  -2.18698308e-02  -5.99979981e-02
   -3.36892629e-02  -4.15900488e-02   5.39045529e-02   1.00000000e+00
    2.37199364e-02   1.13910123e-02]
 [  1.75535873e-02  -4.29462788e-02  -7.60406714e-02  -7.09259994e-02
    6.53995627e-02  -8.80163109e-02  -7.54023214e-02   2.72767393e-02
    3.04337866e-02   4.09705165e-02   9.10597275e-02   1.01542992e-01
   -1.35168507e-01  -1.49680516e-01  -6.04563542e-02   1.03882999e-01
    3.80069737e-02   1.11106996e-02  -1.03882999e-01  -4.85416351e-02
    0.00000000e+00   7.37037558e-03  -6.45320794e-02  -4.44094141e-02
    3.54629997e-02  -2.34252430e-02  -3.11734163e-02   2.37199364e-02
    1.00000000e+00  -7.52915991e-02]
 [ -5.24402838e-02  -1.47002561e-02  -5.56002954e-03   9.62268552e-02
    7.08098023e-03   6.69675925e-02  -4.93807252e-02  -7.05353481e-02
   -3.53723728e-02  -2.21881503e-02   8.19593971e-02  -2.40528862e-02
   -5.68424509e-02  -1.42218530e-02   3.41982889e-02  -7.96978586e-02
   -2.97109335e-02  -5.95763632e-03  -2.46071729e-02  -1.72841457e-02
    5.44529930e-02  -1.07747592e-01   7.27224151e-03   5.42793714e-02
    3.35383502e-02   1.98073874e-02   1.55673717e-02   1.13910123e-02
   -7.52915991e-02   1.00000000e+00]]

Eigenvalues:

[ 0.32453973  0.35553821  0.38726733  0.4330289   0.44110676  0.47500762
  0.49234028  0.56109655  0.59516086  0.62043427  0.66309321  0.71870035
  0.76417719  0.82313251  0.84562529  0.86242233  0.89277312  0.92363462
  0.97814892  1.02147996  1.05977419  1.14061093  1.18600246  1.30307743
  1.3162022   1.35671139  1.46355176  1.48192931  1.50672567  5.00670664]

Eigenvectors:

[[ -1.48301414e-01  -3.17806131e-01  -1.36006759e-01   3.39591636e-01
    1.51112448e-01  -1.33595068e-01  -2.45961807e-01   1.93716068e-01
    2.43213244e-03   4.29453768e-01   4.38719628e-01   9.68527930e-02
   -1.69782464e-01   2.93892846e-02  -6.28158936e-02   3.80986868e-02
    1.08054071e-01  -5.76393100e-02   6.61550956e-02  -6.56266837e-02
   -6.46643430e-02   7.54955090e-02   1.67884967e-01   3.74190957e-02
   -9.58198822e-02  -9.81252701e-02   2.83744609e-02  -2.36496703e-02
   -1.07893534e-01  -2.96879647e-01]
 [  3.50604865e-01   9.76637411e-02  -6.75825358e-01   1.37033896e-01
   -1.77787791e-01  -1.29408119e-01   7.97554641e-02   1.70925210e-01
    1.00229663e-01  -1.42197305e-01  -1.65114333e-01  -1.78141204e-01
    6.83641396e-02  -1.90779767e-02  -9.17722001e-03   2.11404950e-01
    1.29870505e-01   7.23944342e-02   8.31962610e-02   6.77850558e-03
   -4.72404438e-03  -8.83982023e-02  -1.21895346e-03  -5.53252072e-03
    1.14150517e-02   1.17804615e-01  -5.22243442e-02  -4.67868521e-02
    2.33418767e-03  -3.36359801e-01]
 [ -9.92697669e-03   3.89227776e-01  -4.57803004e-03  -9.83258092e-02
   -2.99677997e-01   7.60105113e-03   1.41262044e-01  -2.80940824e-01
   -4.93911774e-01   1.49349952e-01   2.63000068e-01   1.10656667e-01
    1.26047096e-02  -8.59011502e-02  -1.34782790e-01   6.87681025e-02
   -2.97636560e-01  -3.68949010e-02   1.52504439e-01  -3.34055580e-02
   -1.99149079e-02   1.43115075e-01   7.26327797e-02   8.59172550e-03
   -4.17700837e-02   1.36735107e-01  -9.48830216e-02  -4.36467638e-02
   -1.41123387e-01  -2.82931678e-01]
 [ -5.67692140e-01   1.02086338e-01  -7.34477508e-02  -2.53471227e-01
   -6.42218019e-03  -3.79084546e-01  -1.08121626e-01   1.36182895e-01
    3.10853597e-02  -1.94770092e-01  -2.27707545e-01   1.28710987e-01
   -2.46661876e-01   1.48222926e-01   5.95376358e-02   3.85376541e-02
   -1.55577319e-01  -5.48577973e-02  -2.08747569e-01  -1.11132671e-01
   -1.02280299e-02  -9.68779074e-02  -9.17705428e-02   3.57819744e-02
    9.62793439e-02   5.69001651e-02   9.34534788e-02  -1.70025604e-02
   -7.12997485e-02  -3.15551876e-01]
 [  2.05690368e-01   5.12520920e-02   5.41726790e-01   3.77331598e-01
   -2.67835862e-01  -3.28281103e-01  -1.73660872e-01   6.47699512e-02
    9.14179338e-02  -1.67891863e-01  -6.79903792e-02  -1.06658307e-01
    1.09459832e-01  -1.28615374e-01   4.22956186e-02  -1.34103352e-02
   -8.46546161e-02   1.67504539e-01  -7.86221201e-02   1.48499673e-01
   -2.67918684e-02   6.84653495e-02  -3.46017873e-02  -3.98484127e-02
   -9.11512558e-02  -2.08826199e-02   1.36338363e-01   1.45650772e-01
    6.11135877e-03  -3.19517775e-01]
 [ -1.99302833e-01   1.05990898e-01   1.30165471e-01   2.64864329e-01
    4.93142522e-01   1.35938424e-02   5.69415421e-01  -1.16905683e-01
    7.86650915e-02  -1.11774462e-01  -5.35161832e-03   5.15885007e-02
    2.08104340e-01   2.72936444e-02  -3.18632902e-02   3.72775993e-02
    1.84199526e-01   7.59109662e-03   6.50311542e-02   7.46632939e-02
   -9.56560025e-02   9.96921228e-02  -1.18666358e-01  -6.45231138e-02
    1.09708939e-01  -7.91425477e-03  -9.26625455e-02  -1.04445353e-01
   -4.44422073e-02  -3.13290135e-01]
 [ -5.08544599e-02   3.48109281e-01   1.40875022e-01  -1.35196685e-01
    1.65526795e-02   4.80031637e-01  -1.77366631e-01   4.28923727e-01
    1.93040014e-01   1.60426699e-01  -8.09912245e-02  -1.85879532e-01
    1.30433680e-01   1.91406076e-02  -2.69733952e-01  -1.63467984e-01
    2.30367781e-02  -1.45611996e-01  -1.41367572e-02  -1.96379696e-02
    1.87110106e-01   5.33607513e-02   1.59751359e-02   8.46769351e-02
    6.61042115e-02  -5.39616660e-02  -5.99539514e-02   1.25038322e-02
   -1.93539014e-02  -3.03302694e-01]
 [  4.73339481e-01  -3.87536078e-02   1.01292789e-01  -4.71414374e-01
    4.38480374e-01  -1.74687381e-01  -1.86328321e-01  -4.49516867e-02
   -1.04916845e-01   4.96606851e-04   8.91976827e-02   1.57854094e-01
    1.10965911e-02  -9.00333117e-02   2.18437468e-01  -8.29275341e-02
    2.73727183e-02  -1.11408849e-01   1.09757698e-02   7.30482412e-02
    1.64713749e-02  -1.02191752e-01  -8.73812032e-03   5.37047860e-02
    6.14044895e-02  -2.28292704e-02  -9.18931171e-02  -1.60162664e-03
    1.51126077e-01  -3.28425259e-01]
 [ -1.63894416e-01  -1.21588428e-01  -1.17903503e-01   1.19838337e-01
    4.54813816e-02   3.78158061e-01  -3.98557973e-01  -6.25069898e-01
    1.26277893e-02  -1.09499273e-01  -1.35097704e-01  -2.83158658e-02
   -4.89145453e-02  -1.78714930e-02  -4.85220046e-02   1.40256748e-03
    9.18859768e-02   1.96972726e-01   2.36733163e-03   3.09647420e-02
    9.55872005e-02  -4.87195512e-02  -5.23218835e-02   2.30001449e-02
    2.72654207e-02   1.24289171e-02   7.32382092e-02   7.00345149e-02
    1.84525340e-01  -3.01644567e-01]
 [  2.55992696e-02  -5.79906889e-01   1.49944435e-01  -2.08708279e-01
   -3.28834092e-01   3.07758097e-01   3.89500360e-01   1.05128377e-01
   -8.60534342e-03  -1.04972459e-01   3.71374179e-02  -5.83194299e-02
   -1.51801904e-01   8.15177914e-03   6.54171794e-02  -8.91480663e-02
   -5.10245043e-02  -9.04439176e-03  -8.67730233e-02  -7.74950761e-02
   -7.95393674e-02  -9.58801394e-02   5.66869798e-02  -7.34339468e-02
   -9.23671466e-02   8.13182009e-02  -4.96154373e-02  -8.62049251e-02
    6.06041654e-02  -3.33367841e-01]
 [ -3.71526734e-02  -1.27348839e-01  -1.18370943e-01  -2.27300297e-02
    2.30230496e-01   1.00980293e-01   3.91242308e-02   7.93979586e-02
   -2.93239952e-01   6.46751102e-02  -3.54501880e-01  -1.26404267e-01
   -7.03117564e-02  -1.82683304e-01  -1.25361316e-02  -2.28560764e-02
   -1.15525746e-01  -1.12080748e-01  -4.14638256e-02   4.89661353e-01
   -5.63433116e-02   8.18027761e-02   2.82026687e-02   4.43613913e-02
   -3.85374354e-01   1.03035863e-02   2.25624693e-01   1.94244271e-01
   -3.29443117e-01  -1.42160649e-02]
 [  3.94477879e-02  -1.54760182e-01   3.77191404e-02   1.98259295e-01
    1.58668876e-01   3.92798284e-02  -4.57431458e-02   5.15636765e-02
   -1.50529914e-01  -5.48464308e-02  -8.74301709e-03  -2.33218193e-01
    1.14247696e-01   1.28070419e-01   7.22279496e-02   3.23421703e-01
   -4.01837477e-01  -2.95813091e-01  -5.99074463e-02  -1.82508525e-01
    1.87390176e-01   1.34327560e-01  -2.79574218e-01   3.44950592e-01
   -1.01977201e-01   1.16843910e-01   2.40911709e-02  -2.21087406e-01
    2.69139773e-01   2.73750406e-02]
 [  5.71149747e-04   8.96409119e-03   9.22700501e-03   4.30481564e-03
   -1.37707392e-02  -3.54902352e-02  -6.62663023e-02  -8.98562914e-02
   -1.56713698e-01  -4.09045179e-01   1.80398542e-01  -3.36161458e-01
   -3.85005445e-02   4.18648640e-01  -3.13069342e-02  -9.16789743e-03
    6.32311368e-02  -1.79509696e-01  -3.28095055e-03   1.07875519e-01
   -4.16222018e-02  -5.62367697e-02   2.20384953e-01   1.04088618e-01
   -3.84452793e-02  -4.70366933e-01  -3.05681963e-01   9.42791679e-02
   -1.82703081e-01  -7.76856473e-03]
 [ -2.08521913e-02   5.41722320e-02  -1.33105090e-01  -9.30070406e-03
    9.64789401e-02   4.67572481e-02   7.51871341e-02  -6.84178106e-02
    2.89905106e-01  -8.93957873e-02   3.01211016e-01  -1.48326513e-01
   -1.97735101e-01  -4.08497770e-01   7.52244919e-02   9.74101059e-02
   -2.46046967e-01  -8.58968119e-02  -2.91343467e-01  -7.97225669e-02
    1.29902424e-01   1.24465957e-01  -1.76502753e-01  -2.18406811e-01
   -3.53623199e-02  -5.18564310e-02  -2.55054774e-01   4.33394539e-01
   -6.16487339e-02   1.08138721e-02]
 [  4.73534446e-02  -2.88290188e-02  -1.44196555e-01   1.76016182e-01
    5.28003092e-02   7.15708612e-02  -1.64855753e-01   1.55787256e-01
   -1.34408359e-01  -2.86453899e-01  -1.93805225e-02   1.36135250e-01
   -1.61542293e-01  -2.09569298e-01  -5.83762320e-02  -4.36491038e-01
   -1.62583708e-01   1.50418120e-01  -1.34922019e-01   8.35676169e-02
   -2.18190900e-01   3.43092096e-01  -7.76456918e-02   4.11292421e-02
    1.49454209e-01  -2.17756429e-02  -2.63410150e-01  -4.00034747e-01
    1.17138640e-02   5.63065353e-02]
 [  9.19063542e-02   3.25829930e-03  -2.83733252e-02   1.24874857e-01
    1.20357495e-01  -1.21882933e-01   2.05798178e-01   6.67194919e-03
   -1.88498141e-01   2.02774712e-01  -9.79569649e-02  -2.40677643e-02
   -1.16008310e-01   1.86923709e-01  -2.92224181e-01  -1.19960571e-01
   -9.47553683e-02   2.49505059e-01  -4.71197295e-01   7.81524456e-02
    2.17391613e-01  -1.01260049e-01   3.16098777e-01   1.21524283e-01
    1.32498443e-01   1.14476613e-01  -1.29817622e-01   2.18529086e-01
    3.18260730e-01   1.65417912e-02]
 [ -6.23020375e-02   7.97346011e-02   4.65904169e-03  -1.41128064e-01
   -1.31669173e-01  -1.07651557e-01  -4.35015735e-02  -2.00436094e-01
    1.83500319e-01   3.01686943e-01  -9.38171062e-02  -1.19054755e-01
    1.67126655e-01  -1.60891022e-02  -4.07314581e-02   4.41471763e-02
    1.93368514e-01  -1.20565789e-01  -3.67700381e-01   4.73595695e-02
   -4.96686170e-01   8.09625843e-02  -8.34484453e-02   1.49252033e-01
   -3.45549448e-01   2.70395801e-03  -2.93272666e-01  -1.40223893e-01
    1.49226747e-01  -1.22579644e-02]
 [ -4.61684754e-02  -1.31049517e-02   6.64064484e-02  -7.85543019e-02
   -8.33206566e-02  -1.91476929e-01   8.96504263e-02  -6.53031303e-02
    2.15055471e-01  -2.62120991e-02   1.07072600e-01  -7.42439685e-02
   -3.79390620e-01   1.96550370e-02  -2.07139742e-01  -1.49794748e-01
    1.70830401e-01  -1.58957354e-02   3.80267077e-01   3.24198481e-01
    2.52033516e-01   6.39833634e-02  -2.35799322e-01   3.46867343e-01
   -1.36049909e-01   2.63421720e-01  -1.89910365e-01   1.29010392e-02
    9.69918709e-02   3.75542626e-02]
 [ -1.36796080e-01  -7.30910558e-02  -1.17163655e-01   8.99841942e-02
   -2.05615437e-01   3.67319155e-02   7.42458988e-02   1.05938506e-01
   -9.91313502e-02   2.31938377e-02   3.49339911e-02   4.10311987e-01
    3.31386905e-01  -1.91192388e-01   1.03238850e-01  -6.53002265e-02
   -9.82875110e-03   2.42947867e-02  -4.06865084e-02   1.63080478e-01
    1.66244985e-01  -3.10216705e-01  -2.61409036e-01   3.69043150e-01
   -7.27065340e-03  -3.73967766e-01  -1.65213636e-01   1.55814326e-01
    5.62320409e-02  -2.33444301e-02]
 [ -5.22062663e-02   1.04142233e-01   8.86264984e-02  -7.92814608e-02
    1.34492546e-01   1.21554066e-01  -1.29163797e-02   8.77987226e-02
    1.01912095e-01   6.24271949e-02   3.97477680e-04  -6.39056903e-02
   -5.49769932e-02   3.57535085e-02   3.70608822e-01   2.19785193e-01
   -1.25744179e-01   6.43772856e-01   4.88241054e-02  -6.00585413e-02
    9.18264812e-02  -3.93634767e-02   1.63413042e-01   2.23963771e-01
   -2.46541414e-01   2.58997531e-02  -2.50476264e-01  -1.55300780e-01
   -2.27544765e-01   6.87057292e-03]
 [ -1.61758133e-01   1.51605510e-01   4.13245864e-02   1.11286549e-01
    1.25186270e-01   1.75468165e-02  -5.47689240e-02   1.30960882e-01
   -2.05573021e-01  -3.06019921e-02   1.82002027e-01  -3.30633653e-01
   -8.47844560e-02  -2.18459755e-01  -2.70860276e-02  -9.07650424e-02
   -5.67518506e-02   4.90031961e-02   1.15306992e-01   5.80102571e-02
   -2.26650054e-01  -6.63485879e-01  -9.49769143e-02  -1.81399041e-01
   -8.86128978e-02   1.04186699e-01  -2.44197752e-02  -1.20966563e-01
    2.42710605e-01   4.96479058e-02]
 [  5.40424215e-02   2.15056013e-02  -1.11404699e-01   2.38063757e-02
    9.67786959e-02   6.59165588e-02   3.60152453e-02   1.15474268e-02
    2.73310619e-01  -4.34245352e-02   2.16717309e-03   1.59216541e-01
    7.87468670e-02   2.79504883e-01  -5.59797739e-02  -2.16084046e-01
   -4.78882256e-01   6.41614024e-02   3.09963130e-01  -6.90125920e-02
   -4.43327035e-01  -1.36860413e-02   5.50065482e-02   1.26321339e-01
   -1.22085533e-01   3.37619676e-02   6.87619984e-02   3.68985287e-01
    1.57325772e-01  -2.72082513e-02]
 [ -5.17483321e-02   7.69649152e-02   1.56012349e-02   2.21127902e-01
   -7.38664685e-02   1.27868507e-01  -8.76986298e-02   9.81674785e-02
   -2.19574303e-01   8.31343829e-02  -7.89486262e-02   3.06588308e-02
   -2.12194502e-02   2.50954988e-01   5.52522301e-01  -1.79981549e-01
    2.05951967e-01  -1.80946301e-01  -1.37176968e-03   4.47587700e-03
   -2.56401955e-02   5.67568452e-02  -9.50701042e-02  -8.78232115e-02
    7.55366638e-02   4.02067459e-01  -2.88070838e-01   3.05832218e-01
   -8.87570243e-06  -5.58598985e-03]
 [ -1.21275687e-01  -1.83848272e-01  -7.24935556e-02  -1.25700850e-01
   -8.90189084e-03  -1.24616962e-01  -1.92713892e-02  -1.06416532e-01
    6.13213052e-02   3.05087537e-02   2.02478938e-01  -3.88401123e-01
    3.91574593e-01  -1.40290744e-01   7.03384275e-02  -2.39293770e-01
   -5.18281542e-02   6.14609888e-02  -6.03432631e-02   4.00084325e-02
   -6.14569784e-02  -1.35430921e-02   8.53412017e-02   3.28057933e-01
    4.03686047e-01   2.77594662e-01   1.32224422e-01   4.89060778e-02
   -2.84031119e-01   1.50003649e-02]
 [  2.02062655e-02   2.55309678e-02  -1.46861036e-01  -9.30820143e-03
    1.83986991e-02  -1.78579768e-01   8.91011793e-02  -1.28561270e-01
   -5.24240894e-03   1.37341518e-01   2.59458348e-03  -1.73200734e-01
    1.49619620e-01   1.73741100e-01   9.91804767e-02  -5.67154630e-01
   -5.09396020e-02   8.88897846e-02  -2.49069168e-02  -2.49335113e-01
    3.35341823e-01   2.07780314e-02  -2.20609129e-01  -2.20796967e-01
   -3.81839196e-01  -1.54222147e-01   1.15129761e-01  -1.23920228e-01
   -4.89211151e-02  -5.86524948e-02]
 [  2.28354287e-01   1.32004058e-01   6.87033728e-02   2.47821801e-01
    4.65085977e-02   9.36713384e-02   3.90144614e-02  -1.80580564e-01
    1.79414837e-01  -1.01768554e-01  -4.41215636e-02   2.18950597e-01
   -2.04138080e-01  -5.71145843e-02  -3.73215983e-02  -1.44285797e-01
    7.39089241e-03  -2.92795499e-01  -2.06412793e-01  -2.49441809e-01
    1.69462956e-02  -3.75609868e-01   1.31370366e-01   2.85495973e-01
   -1.26097506e-01   1.79665048e-01   6.04479989e-02  -1.27150897e-01
   -4.00951688e-01   1.16297231e-02]
 [ -1.00874542e-01  -2.25074796e-01   2.91911153e-02  -5.42795050e-02
    8.89319253e-02  -9.38208159e-02  -2.06704315e-01   6.92390739e-02
   -2.67153366e-02  -2.49998781e-01  -7.93337796e-03   1.96433289e-01
    4.18371259e-01  -1.28296611e-02  -3.52908370e-01   6.46751024e-02
   -2.62673548e-03  -8.79793448e-03   5.16255179e-02  -8.12687336e-02
    1.56218216e-01  -5.75978054e-02   1.26477265e-01  -2.38395648e-01
   -2.77244524e-01   3.66288021e-01  -3.55302033e-01   4.45495218e-02
   -1.17292404e-01   4.92856968e-02]
 [ -8.34995996e-02  -3.58729368e-02  -2.21607916e-02   9.92995003e-02
   -7.68956264e-02  -7.25108945e-02  -1.58406877e-03  -1.53721176e-01
    2.96939164e-01   2.07767987e-01  -1.80735218e-01   4.13400264e-03
    5.52990072e-02  -3.18180770e-02   2.12378501e-01  -3.48461949e-02
   -3.62781322e-01  -2.73567486e-01   1.34423077e-01   3.55019839e-01
    1.89718350e-01  -1.08243106e-01   3.49153283e-01  -2.26688776e-01
    1.43153869e-01  -6.28092829e-02  -2.23542220e-01  -2.86205937e-01
    6.15320791e-02  -2.23891200e-02]
 [ -1.26835178e-01   1.99929047e-01  -1.17539231e-01  -3.58531681e-02
   -2.99001239e-02   9.65269291e-02   3.71612985e-02   7.02641166e-02
    9.71144174e-02  -3.05782346e-01   3.91050935e-01   1.34298467e-01
    1.21715754e-01   2.69712403e-03   2.17022839e-01  -4.08370475e-02
    1.15809813e-01  -7.19134654e-02  -1.97236700e-01   2.45824401e-01
    1.02608507e-01   1.26684188e-01   3.27438071e-01   5.66724851e-02
   -2.84033737e-01   1.49324907e-01   3.43390039e-01  -9.32382012e-02
    3.00319921e-01   1.16528871e-02]
 [  1.50842033e-01  -3.96177742e-03  -2.30872021e-02  -2.83331419e-02
   -2.55764175e-02   1.22103952e-01  -7.50421114e-02  -3.93937952e-03
    1.07379565e-01   6.93998485e-02   2.68337016e-01   1.21289948e-01
    2.57294210e-02   4.36907570e-01  -9.42628070e-02   1.17570457e-01
   -1.50540236e-01   1.23813594e-01  -2.71010119e-01   4.15866839e-01
   -2.49215403e-02  -1.44721578e-01  -4.18221317e-01  -2.11420717e-01
    1.02326974e-01   1.24426676e-01   8.08452967e-02  -1.42399684e-01
   -2.42876301e-01   7.15369597e-03]]
