Correlation Matrix (30x30): 

[[  1.00000000e+00   9.88520678e-01   9.55087490e-01   9.32653859e-01
    9.77066324e-01   9.46415520e-01   9.77066324e-01   9.77066324e-01
    9.55087490e-01   9.77066324e-01  -6.31913050e-02  -6.31913050e-02
   -6.10009031e-02  -3.26053822e-02  -5.48181964e-02   3.69036014e-02
    1.68363649e-02  -4.29088903e-02  -3.83913261e-02   3.20648874e-02
    2.56133062e-02  -7.78691003e-02  -6.60674600e-02   5.54194113e-02
    1.31494629e-02  -4.19779448e-02  -5.09018521e-02  -5.73850209e-03
    1.17701848e-01  -3.49783275e-02]
 [  9.88520678e-01   1.00000000e+00   9.66497996e-01   9.43826169e-01
    9.88520678e-01   9.57732895e-01   9.88520678e-01   9.88520678e-01
    9.66497996e-01   9.88520678e-01  -5.93428508e-02  -5.93428508e-02
   -5.68597349e-02  -2.83454734e-02  -5.07463149e-02   4.09481213e-02
    2.13433783e-02  -3.90764455e-02  -3.43429983e-02   3.69261122e-02
    3.07295619e-02  -7.40009293e-02  -6.23402358e-02   6.00992355e-02
    1.77903758e-02  -3.77734412e-02  -4.64493065e-02  -1.44560776e-03
    1.22774831e-01  -3.17581966e-02]
 [  9.55087490e-01   9.66497996e-01   1.00000000e+00   9.11207358e-01
    9.55087490e-01   9.24691267e-01   9.55087490e-01   9.55087490e-01
    9.33184855e-01   9.55087490e-01  -3.07765965e-02  -3.07765965e-02
   -3.09354580e-02  -1.57506733e-03  -2.42748902e-02   2.90087813e-02
    3.03287351e-02  -5.04236451e-02  -4.63263708e-02   2.25705259e-02
    1.56173080e-02  -8.54689522e-02  -7.33864896e-02   4.62900268e-02
    4.93865255e-02  -5.02200233e-02  -5.96329732e-02   1.11081874e-02
    1.07830577e-01  -1.88506836e-02]
 [  9.32653859e-01   9.43826169e-01   9.11207358e-01   1.00000000e+00
    9.32653859e-01   9.01713132e-01   9.32653859e-01   9.32653859e-01
    9.11207358e-01   9.32653859e-01  -2.16760035e-02  -2.16760035e-02
   -2.33889989e-02   4.50332030e-03  -1.67737723e-02   3.28888119e-02
   -4.44264040e-03  -5.77649844e-02  -9.96958512e-03   2.72510667e-02
    7.89485984e-02  -3.97211123e-02  -7.91386014e-02   3.11778400e-02
    1.23693166e-02   3.14019712e-04  -2.76614969e-02  -2.47744585e-02
    1.07362188e-01  -4.75216733e-02]
 [  9.77066324e-01   9.88520678e-01   9.55087490e-01   9.32653859e-01
    1.00000000e+00   9.46415520e-01   9.77066324e-01   9.77066324e-01
    9.55087490e-01   9.77066324e-01  -6.31913050e-02  -6.31913050e-02
   -6.10009031e-02  -3.26053822e-02  -5.48181964e-02   5.48528239e-02
    1.68363649e-02  -4.29088903e-02  -3.83913261e-02   5.28862429e-02
    4.70291140e-02  -7.78691003e-02  -6.60674600e-02   5.54194113e-02
    1.31494629e-02  -4.19779448e-02  -5.09018521e-02  -5.73850209e-03
    1.17701848e-01  -3.49783275e-02]
 [  9.46415520e-01   9.57732895e-01   9.24691267e-01   9.01713132e-01
    9.46415520e-01   1.00000000e+00   9.46415520e-01   9.46415520e-01
    9.24691267e-01   9.46415520e-01  -5.34515315e-02  -5.34515315e-02
   -5.30043597e-02  -2.49516104e-02  -4.65853065e-02   4.18081605e-02
    3.64113284e-03  -3.14667812e-02  -4.91507537e-02   1.75486422e-02
    3.10125945e-02  -5.13495286e-02  -7.53460650e-02   8.22170938e-02
   -3.52276615e-04  -5.31094470e-02  -6.25583757e-02   6.67377066e-03
    1.21064164e-01   2.19846828e-02]
 [  9.77066324e-01   9.88520678e-01   9.55087490e-01   9.32653859e-01
    9.77066324e-01   9.46415520e-01   1.00000000e+00   9.77066324e-01
    9.55087490e-01   9.77066324e-01  -6.31913050e-02  -6.31913050e-02
   -6.10009031e-02  -3.26053822e-02  -5.48181964e-02   3.69036014e-02
    1.68363649e-02  -4.29088903e-02  -3.83913261e-02   5.28862429e-02
    4.70291140e-02  -7.78691003e-02  -6.60674600e-02   5.54194113e-02
    1.31494629e-02  -4.19779448e-02  -5.09018521e-02  -5.73850209e-03
    1.17701848e-01  -1.22059789e-02]
 [  9.77066324e-01   9.88520678e-01   9.55087490e-01   9.32653859e-01
    9.77066324e-01   9.46415520e-01   9.77066324e-01   1.00000000e+00
    9.55087490e-01   9.77066324e-01  -2.26320592e-02  -2.26320592e-02
   -2.22455644e-02   7.35219402e-03  -1.57181990e-02   3.69036014e-02
    1.68363649e-02  -4.29088903e-02  -3.83913261e-02   5.28862429e-02
    2.56133062e-02  -5.90964146e-02  -6.60674600e-02   5.54194113e-02
    3.61380343e-02  -2.03843518e-02  -5.09018521e-02  -5.73850209e-03
    1.17701848e-01  -3.49783275e-02]
 [  9.55087490e-01   9.66497996e-01   9.33184855e-01   9.11207358e-01
    9.55087490e-01   9.24691267e-01   9.55087490e-01   9.55087490e-01
    1.00000000e+00   9.55087490e-01  -7.07462024e-02  -7.07462024e-02
   -6.91273816e-02  -4.09517505e-02  -6.28064618e-02   4.66970625e-02
    8.02819458e-03  -2.83080113e-02  -4.63263708e-02   2.25705259e-02
    1.56173080e-02  -8.54689522e-02  -7.33864896e-02   6.75239840e-02
    2.67321560e-02  -5.02200233e-02  -3.77090860e-02  -1.41376930e-02
    1.28647291e-01  -4.12919737e-02]
 [  9.77066324e-01   9.88520678e-01   9.55087490e-01   9.32653859e-01
    9.77066324e-01   9.46415520e-01   9.77066324e-01   9.77066324e-01
    9.55087490e-01   1.00000000e+00  -6.31913050e-02  -6.31913050e-02
   -6.10009031e-02  -3.26053822e-02  -5.48181964e-02   3.69036014e-02
    1.68363649e-02  -4.29088903e-02  -3.83913261e-02   3.20648874e-02
    2.56133062e-02  -7.78691003e-02  -6.60674600e-02   5.54194113e-02
    3.61380343e-02  -4.19779448e-02  -2.86545391e-02   1.98798108e-02
    1.17701848e-01  -3.49783275e-02]
 [ -6.31913050e-02  -5.93428508e-02  -3.07765965e-02  -2.16760035e-02
   -6.31913050e-02  -5.34515315e-02  -6.31913050e-02  -2.26320592e-02
   -7.07462024e-02  -6.31913050e-02   1.00000000e+00   9.64134567e-01
    9.16593100e-01   9.38596249e-01   9.32074452e-01   6.31070999e-02
   -6.35538836e-02  -7.44574968e-02   1.45493146e-02   6.25999695e-03
   -7.73403977e-02   8.16728514e-03  -9.55683635e-02  -6.45536126e-02
   -4.85436595e-02   5.68256019e-02  -8.81336557e-03  -8.84395535e-02
   -2.59267361e-02  -1.12767008e-03]
 [ -6.31913050e-02  -5.93428508e-02  -3.07765965e-02  -2.16760035e-02
   -6.31913050e-02  -5.34515315e-02  -6.31913050e-02  -2.26320592e-02
   -7.07462024e-02  -6.31913050e-02   9.64134567e-01   1.00000000e+00
    9.33728243e-01   9.38596249e-01   9.32074452e-01   1.54910788e-02
   -6.35538836e-02  -5.46127482e-02   3.62000803e-02   2.46717527e-02
   -5.84029840e-02   8.16728514e-03  -7.86834936e-02  -6.45536126e-02
   -4.85436595e-02   5.68256019e-02  -8.81336557e-03  -8.84395535e-02
   -4.46059407e-02  -2.12646358e-02]
 [ -6.10009031e-02  -5.68597349e-02  -3.09354580e-02  -2.33889989e-02
   -6.10009031e-02  -5.30043597e-02  -6.10009031e-02  -2.22455644e-02
   -6.91273816e-02  -6.10009031e-02   9.16593100e-01   9.33728243e-01
    1.00000000e+00   8.91044330e-01   8.84540781e-01   4.13730824e-02
   -8.27542903e-02  -9.20801346e-02   1.27437029e-02   3.51857544e-04
   -2.62741666e-02  -1.46563643e-02  -8.03468263e-02  -2.84744644e-02
   -6.92273252e-02   3.15280073e-02  -1.39855121e-02  -1.06325334e-01
   -1.00665151e-02  -1.86256335e-02]
 [ -3.26053822e-02  -2.83454734e-02  -1.57506733e-03   4.50332030e-03
   -3.26053822e-02  -2.49516104e-02  -3.26053822e-02   7.35219402e-03
   -4.09517505e-02  -3.26053822e-02   9.38596249e-01   9.38596249e-01
    8.91044330e-01   1.00000000e+00   9.06598484e-01   5.50406781e-03
   -5.42524425e-02  -8.41447704e-02   2.44010520e-02  -5.80436144e-03
   -8.89541429e-02  -3.53244682e-03  -1.05129370e-01  -5.58623681e-02
   -3.95725828e-02   2.54329698e-02   1.75202971e-02  -9.83756429e-02
   -3.63625713e-02  -1.01571825e-02]
 [ -5.48181964e-02  -5.07463149e-02  -2.42748902e-02  -1.67737723e-02
   -5.48181964e-02  -4.65853065e-02  -5.48181964e-02  -1.57181990e-02
   -6.28064618e-02  -5.48181964e-02   9.32074452e-01   9.32074452e-01
    8.84540781e-01   9.06598484e-01   1.00000000e+00   2.20333837e-03
   -7.60826033e-02  -6.67281272e-02  -6.67897930e-04   8.16469366e-03
   -9.12073747e-02   8.76960499e-03  -7.38993178e-02  -5.82635827e-02
   -4.25642386e-02   2.10583336e-02  -2.48819529e-02  -5.62560777e-02
   -5.71187135e-02  -3.23023568e-02]
 [  3.69036014e-02   4.09481213e-02   2.90087813e-02   3.28888119e-02
    5.48528239e-02   4.18081605e-02   3.69036014e-02   3.69036014e-02
    4.66970625e-02   3.69036014e-02   6.31070999e-02   1.54910788e-02
    4.13730824e-02   5.50406781e-03   2.20333837e-03   1.00000000e+00
    1.79945534e-02  -2.75408554e-02  -2.91274600e-03   9.06057504e-02
    6.94586246e-02  -3.99638467e-03   2.33135324e-02  -1.04422446e-01
   -1.11407622e-01   2.00100690e-02  -4.03959216e-03   5.29329897e-03
    1.33584327e-02   7.30028379e-02]
 [  1.68363649e-02   2.13433783e-02   3.03287351e-02  -4.44264040e-03
    1.68363649e-02   3.64113284e-03   1.68363649e-02   1.68363649e-02
    8.02819458e-03   1.68363649e-02  -6.35538836e-02  -6.35538836e-02
   -8.27542903e-02  -5.42524425e-02  -7.60826033e-02   1.79945534e-02
    1.00000000e+00   4.80087500e-02  -3.49830235e-02   9.03989529e-03
   -4.10801903e-02   4.94953715e-02   8.36558289e-02   7.63710913e-02
   -9.25494564e-03   3.40915399e-04  -3.00306952e-02  -5.21749383e-02
    1.23394444e-02   1.58191159e-02]
 [ -4.29088903e-02  -3.90764455e-02  -5.04236451e-02  -5.77649844e-02
   -4.29088903e-02  -3.14667812e-02  -4.29088903e-02  -4.29088903e-02
   -2.83080113e-02  -4.29088903e-02  -7.44574968e-02  -5.46127482e-02
   -9.20801346e-02  -8.41447704e-02  -6.67281272e-02  -2.75408554e-02
    4.80087500e-02   1.00000000e+00  -2.30008568e-03  -6.35695766e-02
   -7.30965137e-02   2.64529815e-03   5.38133125e-02  -3.37362380e-04
   -2.28555364e-02  -7.53937740e-02  -6.39174355e-02   5.69566686e-02
   -1.24355709e-01  -4.43897689e-02]
 [ -3.83913261e-02  -3.43429983e-02  -4.63263708e-02  -9.96958512e-03
   -3.83913261e-02  -4.91507537e-02  -3.83913261e-02  -3.83913261e-02
   -4.63263708e-02  -3.83913261e-02   1.45493146e-02   3.62000803e-02
    1.27437029e-02   2.44010520e-02  -6.67897930e-04  -2.91274600e-03
   -3.49830235e-02  -2.30008568e-03   1.00000000e+00  -5.95740573e-02
   -4.64591811e-02   1.23458361e-02   6.52341302e-03  -6.03626309e-02
   -3.98576230e-02   1.11763736e-01   5.92837315e-02  -3.80717770e-02
   -5.91765158e-02   8.05214409e-02]
 [  3.20648874e-02   3.69261122e-02   2.25705259e-02   2.72510667e-02
    5.28862429e-02   1.75486422e-02   5.28862429e-02   5.28862429e-02
    2.25705259e-02   3.20648874e-02   6.25999695e-03   2.46717527e-02
    3.51857544e-04  -5.80436144e-03   8.16469366e-03   9.06057504e-02
    9.03989529e-03  -6.35695766e-02  -5.95740573e-02   1.00000000e+00
    6.72737891e-02  -1.01920823e-01   1.56023261e-02  -3.48214038e-02
    1.29818832e-01  -2.82307706e-02  -3.79726357e-02  -2.88408158e-02
    4.21920070e-03  -4.87927343e-02]
 [  2.56133062e-02   3.07295619e-02   1.56173080e-02   7.89485984e-02
    4.70291140e-02   3.10125945e-02   4.70291140e-02   2.56133062e-02
    1.56173080e-02   2.56133062e-02  -7.73403977e-02  -5.84029840e-02
   -2.62741666e-02  -8.89541429e-02  -9.12073747e-02   6.94586246e-02
   -4.10801903e-02  -7.30965137e-02  -4.64591811e-02   6.72737891e-02
    1.00000000e+00  -7.92365643e-03  -8.09521070e-02  -3.46082933e-03
    1.03643015e-01  -5.75895794e-02   7.66177279e-02  -1.37795109e-02
    1.63329000e-02  -1.41200650e-02]
 [ -7.78691003e-02  -7.40009293e-02  -8.54689522e-02  -3.97211123e-02
   -7.78691003e-02  -5.13495286e-02  -7.78691003e-02  -5.90964146e-02
   -8.54689522e-02  -7.78691003e-02   8.16728514e-03   8.16728514e-03
   -1.46563643e-02  -3.53244682e-03   8.76960499e-03  -3.99638467e-03
    4.94953715e-02   2.64529815e-03   1.23458361e-02  -1.01920823e-01
   -7.92365643e-03   1.00000000e+00   3.15729834e-02   2.53278382e-02
    6.46573468e-02  -1.10862253e-01   9.57162469e-02   1.27666782e-01
   -9.75223187e-03   2.05643420e-01]
 [ -6.60674600e-02  -6.23402358e-02  -7.33864896e-02  -7.91386014e-02
   -6.60674600e-02  -7.53460650e-02  -6.60674600e-02  -6.60674600e-02
   -7.33864896e-02  -6.60674600e-02  -9.55683635e-02  -7.86834936e-02
   -8.03468263e-02  -1.05129370e-01  -7.38993178e-02   2.33135324e-02
    8.36558289e-02   5.38133125e-02   6.52341302e-03   1.56023261e-02
   -8.09521070e-02   3.15729834e-02   1.00000000e+00   3.98273821e-02
    2.33512244e-02  -7.91070940e-03   7.63154770e-02   3.75405851e-02
   -3.13061758e-02  -4.47463556e-02]
 [  5.54194113e-02   6.00992355e-02   4.62900268e-02   3.11778400e-02
    5.54194113e-02   8.22170938e-02   5.54194113e-02   5.54194113e-02
    6.75239840e-02   5.54194113e-02  -6.45536126e-02  -6.45536126e-02
   -2.84744644e-02  -5.58623681e-02  -5.82635827e-02  -1.04422446e-01
    7.63710913e-02  -3.37362380e-04  -6.03626309e-02  -3.48214038e-02
   -3.46082933e-03   2.53278382e-02   3.98273821e-02   1.00000000e+00
    7.33494633e-02   7.72572288e-02   5.05000454e-02  -7.77927551e-02
   -3.18341906e-02  -1.37959028e-01]
 [  1.31494629e-02   1.77903758e-02   4.93865255e-02   1.23693166e-02
    1.31494629e-02  -3.52276615e-04   1.31494629e-02   3.61380343e-02
    2.67321560e-02   3.61380343e-02  -4.85436595e-02  -4.85436595e-02
   -6.92273252e-02  -3.95725828e-02  -4.25642386e-02  -1.11407622e-01
   -9.25494564e-03  -2.28555364e-02  -3.98576230e-02   1.29818832e-01
    1.03643015e-01   6.46573468e-02   2.33512244e-02   7.33494633e-02
    1.00000000e+00  -2.58011749e-02   9.84792981e-02  -8.29965793e-02
   -5.51380584e-02   1.26004257e-02]
 [ -4.19779448e-02  -3.77734412e-02  -5.02200233e-02   3.14019712e-04
   -4.19779448e-02  -5.31094470e-02  -4.19779448e-02  -2.03843518e-02
   -5.02200233e-02  -4.19779448e-02   5.68256019e-02   5.68256019e-02
    3.15280073e-02   2.54329698e-02   2.10583336e-02   2.00100690e-02
    3.40915399e-04  -7.53937740e-02   1.11763736e-01  -2.82307706e-02
   -5.75895794e-02  -1.10862253e-01  -7.91070940e-03   7.72572288e-02
   -2.58011749e-02   1.00000000e+00  -2.58071184e-02  -6.59960377e-02
   -6.34872184e-02   2.05840249e-03]
 [ -5.09018521e-02  -4.64493065e-02  -5.96329732e-02  -2.76614969e-02
   -5.09018521e-02  -6.25583757e-02  -5.09018521e-02  -5.09018521e-02
   -3.77090860e-02  -2.86545391e-02  -8.81336557e-03  -8.81336557e-03
   -1.39855121e-02   1.75202971e-02  -2.48819529e-02  -4.03959216e-03
   -3.00306952e-02  -6.39174355e-02   5.92837315e-02  -3.79726357e-02
    7.66177279e-02   9.57162469e-02   7.63154770e-02   5.05000454e-02
    9.84792981e-02  -2.58071184e-02   1.00000000e+00   1.97023515e-01
    4.95077284e-02  -4.87765173e-02]
 [ -5.73850209e-03  -1.44560776e-03   1.11081874e-02  -2.47744585e-02
   -5.73850209e-03   6.67377066e-03  -5.73850209e-03  -5.73850209e-03
   -1.41376930e-02   1.98798108e-02  -8.84395535e-02  -8.84395535e-02
   -1.06325334e-01  -9.83756429e-02  -5.62560777e-02   5.29329897e-03
   -5.21749383e-02   5.69566686e-02  -3.80717770e-02  -2.88408158e-02
   -1.37795109e-02   1.27666782e-01   3.75405851e-02  -7.77927551e-02
   -8.29965793e-02  -6.59960377e-02   1.97023515e-01   1.00000000e+00
   -2.90709845e-02  -3.52063313e-02]
 [  1.17701848e-01   1.22774831e-01   1.07830577e-01   1.07362188e-01
    1.17701848e-01   1.21064164e-01   1.17701848e-01   1.17701848e-01
    1.28647291e-01   1.17701848e-01  -2.59267361e-02  -4.46059407e-02
   -1.00665151e-02  -3.63625713e-02  -5.71187135e-02   1.33584327e-02
    1.23394444e-02  -1.24355709e-01  -5.91765158e-02   4.21920070e-03
    1.63329000e-02  -9.75223187e-03  -3.13061758e-02  -3.18341906e-02
   -5.51380584e-02  -6.34872184e-02   4.95077284e-02  -2.90709845e-02
    1.00000000e+00  -3.03721049e-02]
 [ -3.49783275e-02  -3.17581966e-02  -1.88506836e-02  -4.75216733e-02
   -3.49783275e-02   2.19846828e-02  -1.22059789e-02  -3.49783275e-02
   -4.12919737e-02  -3.49783275e-02  -1.12767008e-03  -2.12646358e-02
   -1.86256335e-02  -1.01571825e-02  -3.23023568e-02   7.30028379e-02
    1.58191159e-02  -4.43897689e-02   8.05214409e-02  -4.87927343e-02
   -1.41200650e-02   2.05643420e-01  -4.47463556e-02  -1.37959028e-01
    1.26004257e-02   2.05840249e-03  -4.87765173e-02  -3.52063313e-02
   -3.03721049e-02   1.00000000e+00]]

Eigenvalues:

[  2.97852890e-03   2.00219685e-02   2.08302783e-02   2.23550156e-02
   2.25207211e-02   3.07861098e-02   4.82425403e-02   5.42327623e-02
   6.29750448e-02   7.34371802e-02   8.85674884e-02   9.23774867e-02
   1.12844406e-01   6.17648294e-01   6.91685093e-01   7.37923877e-01
   7.89855941e-01   8.03402050e-01   8.62008531e-01   9.11749382e-01
   9.72517193e-01   1.09693602e+00   1.10712067e+00   1.16850728e+00
   1.19727526e+00   1.29779369e+00   1.32188749e+00   1.37017629e+00
   4.73347014e+00   9.66787328e+00]

Eigenvectors:

[[ -1.47050977e-01   2.10780117e-01   1.53091834e-01   5.27074518e-01
    6.68014031e-01  -5.72548398e-02  -2.45264296e-01   1.06793799e-01
    2.61781400e-02   6.02250965e-02   2.54189455e-02   6.54424147e-02
   -1.60150250e-02   1.40858648e-02   2.87801221e-03  -7.08500384e-03
   -9.68853421e-03   7.66544447e-03   4.22943754e-03   2.89384261e-04
    7.23929368e-03  -7.22500030e-03  -2.73892403e-03   2.34479380e-03
    2.49697196e-03  -1.37889240e-02   1.46487919e-02  -3.65827408e-03
    1.46304326e-02  -3.17713054e-01]
 [  9.34399291e-01  -9.17622345e-03  -5.54228868e-03  -4.68759885e-03
   -3.70404548e-03  -4.61423886e-03  -1.11518536e-01   7.12104125e-02
    1.38720390e-02   4.49781103e-02   2.15302676e-02   5.04953853e-02
   -1.17745327e-02   8.42956886e-03  -5.69717445e-04   3.23089973e-03
   -3.07927578e-03   3.88930899e-03   1.00814259e-03   3.58059177e-03
    4.71273458e-03  -8.76091536e-03  -1.15937360e-02   1.64205414e-03
   -1.31720090e-03  -1.53298985e-02   1.08954576e-02  -7.82144314e-03
    1.66639328e-02  -3.20625419e-01]
 [ -5.69319187e-02  -2.00094595e-02   3.95406797e-02  -8.20509051e-03
    8.17885263e-03   4.26259947e-02   4.98842789e-01  -2.54821705e-01
    7.01938588e-01   2.68855699e-01   6.38973122e-03   7.91830987e-02
   -6.29549732e-02  -4.45581544e-02   8.82366302e-03  -3.06422901e-02
    2.04239096e-03   3.47763937e-02  -1.47985909e-02  -1.29559116e-02
    1.83313396e-02  -1.27114509e-02   6.35858513e-03  -1.61059204e-02
   -6.77005015e-03  -1.80456348e-02   7.21943300e-03  -1.00516939e-02
    2.84012467e-02  -3.11542655e-01]
 [ -3.24322820e-02  -2.09443204e-02  -2.06587136e-02   5.68433839e-03
   -1.14948507e-03  -1.49818225e-02   8.18728178e-02  -3.07281977e-02
   -3.37548755e-02  -1.43704118e-01  -2.66168049e-01  -8.79968987e-01
    1.10988164e-01   8.56689939e-02   4.66213848e-02   4.40436020e-02
   -8.56124050e-03   2.76198343e-02   4.20431371e-03   2.70570930e-02
   -2.14516011e-02  -2.20211347e-02  -1.20065778e-03   3.77902134e-02
   -3.11044499e-02   7.84751320e-03  -1.04582834e-03  -1.42397245e-02
    3.24527921e-02  -3.05251540e-01]
 [ -1.50678482e-01   2.78777860e-01  -3.30973580e-01   4.39760086e-01
   -6.54253735e-01  -3.78529558e-02  -1.92878002e-01   1.19650079e-01
    3.31515439e-02   7.07925541e-02   2.46525039e-02   8.16973865e-02
    1.81685937e-04   1.50327572e-02  -1.43070399e-04   5.41946449e-03
   -1.26043602e-02  -5.91267416e-04   3.56989109e-03   4.85644313e-03
   -5.21437623e-03  -1.59897521e-02  -1.54943085e-02  -2.65205819e-03
    5.56481249e-03   2.47410131e-03   4.99026800e-03  -1.82865452e-03
    1.45566577e-02  -3.17799652e-01]
 [ -4.12060181e-02   2.34917926e-02  -7.12522938e-03  -9.57055065e-03
    1.03215221e-02   5.09395534e-02   2.45470990e-01  -1.08863807e-01
   -5.45153124e-02  -8.62417840e-01   4.72696244e-02   2.62824724e-01
    3.15940889e-02  -2.05774392e-02  -5.01209802e-02   1.31309221e-02
   -6.61046657e-03  -1.74161876e-02   2.85432601e-02  -1.90571355e-02
   -2.02174075e-02   7.89686473e-03   1.67479720e-02  -1.76791735e-02
   -1.19126084e-02  -9.87144434e-03   2.78428388e-02  -3.05814821e-02
    1.72990770e-02  -3.09527290e-01]
 [ -1.54311700e-01   3.56707289e-01  -4.26573415e-01  -6.68253840e-01
    2.13576382e-01  -1.59316422e-03  -2.13259328e-01   1.10622743e-01
    1.90107785e-02   9.24778825e-02   2.68546705e-02   6.67756069e-02
   -1.50223219e-03   1.32894450e-02  -2.75078529e-02   1.28261700e-02
   -1.37125103e-02   8.72416643e-03   4.27157488e-04   4.31406094e-04
    3.08553719e-03  -1.44615004e-02  -6.99923574e-03  -6.49560748e-03
   -5.56313447e-03   1.80911183e-03   8.30540443e-03  -6.37242428e-03
    1.44481788e-02  -3.17749434e-01]
 [ -1.63357251e-01  -8.61395511e-01  -2.22844407e-01  -1.07146481e-02
    3.34301526e-02   3.91785037e-02  -2.06886812e-01   1.28987066e-01
   -1.31729033e-02   5.95498220e-02   2.36990143e-02   1.02316457e-01
   -2.51804743e-02   1.75362375e-02   1.78572318e-02   1.89114939e-02
    8.91512830e-03   1.36839275e-03  -5.44162757e-03  -1.36286710e-02
    1.16077014e-02  -1.68592212e-02  -1.46902574e-02  -5.34808939e-03
   -1.28825773e-02  -1.61490992e-02   1.25092006e-03  -4.95658718e-03
    3.32995960e-02  -3.17104812e-01]
 [ -4.83799945e-02   2.38583662e-02   3.02249736e-02   1.27617392e-02
    3.78184402e-03   5.63819714e-02   4.22519344e-01  -2.86959398e-01
   -7.00515304e-01   3.53063518e-01   7.72816306e-02   1.00028615e-01
   -1.26972164e-02   6.87298001e-03   1.46865312e-03  -3.50879017e-02
    2.12938185e-02  -1.64224399e-02   1.55270772e-02   9.20406433e-03
    6.42920750e-03  -1.33453131e-03   5.36658780e-03   3.45773663e-03
    8.13045733e-03  -1.86231665e-02   6.46957496e-03   8.49698906e-04
    1.00480928e-02  -3.12197800e-01]
 [ -1.52932789e-01   2.15826833e-02   7.91002586e-01  -2.83195328e-01
   -2.79256405e-01  -6.49649089e-02  -2.57331423e-01   1.14944725e-01
    4.03258553e-03   3.86543763e-02   2.43447636e-02   5.07603029e-02
   -2.97924763e-02  -7.34491698e-03   3.22274990e-03  -1.62986042e-02
    6.27684440e-03   1.11895902e-02  -8.69350231e-03  -5.87703750e-03
    1.08053792e-02  -1.74379668e-02  -7.31297810e-03   1.03740322e-02
    1.91744243e-03  -2.01295219e-02  -2.01650450e-03  -1.81427181e-02
    1.41423099e-02  -3.17692778e-01]
 [  5.24091928e-03   2.91439328e-02   1.77820618e-02   1.76690515e-02
   -1.51314137e-02   5.82358676e-01  -3.67498810e-01  -5.42750719e-01
    3.37690130e-02   1.91087307e-04  -7.38069092e-02   1.37388424e-02
    1.27292271e-01  -2.71782238e-02   9.73521808e-04   8.87198797e-03
    3.96527328e-02  -1.61303132e-03  -3.49474948e-03   1.45803042e-03
   -1.68441805e-02   3.76818289e-03  -2.99589476e-02  -2.03066410e-02
    4.50379404e-03  -7.37097015e-03  -6.62670053e-03  -2.17905817e-02
    4.48297597e-01   3.05127322e-02]
 [  1.13314114e-02  -4.15292360e-02  -5.11619993e-02  -2.07864421e-02
   -2.15375766e-03  -7.81035575e-01  -1.24482957e-01  -3.90086605e-01
   -5.44653876e-03  -2.91394531e-02  -3.72577902e-02   3.37535932e-02
   -6.42860334e-02  -3.04538776e-03  -9.89182823e-03   5.54520762e-02
    9.77689399e-03   1.21878052e-02  -1.69836908e-02   2.55813149e-02
   -1.74253536e-03  -2.41393202e-02  -2.09398214e-02  -1.77365022e-02
    2.04107206e-03  -2.98539268e-02  -1.71435663e-02  -1.23667904e-02
    4.49308372e-01   3.07488718e-02]
 [ -4.77239353e-03   3.20591297e-02  -2.30522799e-03   7.21223096e-03
    3.66339309e-04   1.65784165e-01   1.15401575e-01   2.55007603e-01
   -4.23293600e-02  -4.58229796e-02   1.18728969e-01  -1.27233989e-01
   -8.10710806e-01  -3.80807962e-02  -3.58879064e-02   3.60959419e-02
   -1.28691345e-02   3.84393000e-03   4.22490363e-02   3.74740160e-02
   -3.45724451e-02   2.61431817e-02  -1.07550076e-02  -3.19322810e-03
    1.22190798e-02  -8.98884430e-04  -3.24629302e-02   5.28307762e-04
    4.36053581e-01   2.95019931e-02]
 [ -2.21304607e-03   1.98891567e-02   2.73597923e-02  -1.58767268e-03
    1.03927007e-02   3.12437959e-02   2.20643868e-01   4.11009113e-01
   -4.42457049e-02   6.33759827e-02  -6.65726756e-01   2.37411125e-01
    2.70041628e-01  -4.39901207e-03  -2.36631692e-02  -3.30974858e-02
    5.60077124e-03   1.35739963e-02  -2.71794141e-02   2.13861384e-02
    1.33712152e-02   7.78908977e-03   1.82789874e-03  -1.19404254e-02
   -8.83629259e-03  -3.67187533e-02  -1.97574828e-02  -2.23233115e-02
    4.42139961e-01   2.06061897e-02]
 [ -5.21631758e-03  -2.14727100e-04   1.75327758e-02   1.13373352e-03
    6.19412734e-03   9.88511060e-03   1.57000627e-01   2.89346800e-01
    2.54688118e-02   1.84961968e-02   6.68309302e-01  -1.39994253e-01
    4.71151584e-01  -3.33715619e-02   9.95550557e-03   1.98713843e-02
   -1.47773495e-02   2.12785051e-02  -8.25283854e-04  -2.21028547e-02
    1.41118816e-02  -2.05415745e-02   6.27663809e-03  -3.10826984e-02
    2.93335486e-02  -5.09093862e-02  -2.06122519e-02  -2.21205513e-02
    4.38640220e-01   2.79396359e-02]
 [ -9.17631916e-04  -5.76083659e-03  -1.37480403e-03  -1.10453627e-02
    1.28494904e-02  -3.68774416e-02   1.42217723e-02   2.89328685e-02
    1.37658921e-02  -2.21373937e-03  -2.85556557e-03  -1.14110921e-02
    2.38191809e-02  -1.71498974e-01   2.39260074e-01  -2.98531520e-01
    2.02993150e-01  -3.07707600e-01   2.31441894e-01   2.21099853e-02
   -3.80126533e-01  -6.61356272e-02  -5.09325165e-01  -7.12082126e-02
    1.75698333e-01   4.00884040e-01   1.31239924e-01  -8.93711245e-02
    1.80102158e-02  -1.37317472e-02]
 [ -3.99441022e-03   2.47480114e-03  -2.84358023e-03   1.27723916e-03
    7.44656087e-04   4.84059143e-03   3.72944723e-03   4.22736416e-03
   -2.44787499e-02  -2.19332601e-02   1.83544920e-02  -1.88526976e-02
   -1.30155845e-02  -6.52456250e-02   3.86234848e-02  -9.38577854e-02
   -6.41417429e-02   2.58080633e-01  -6.06561370e-01   2.12532946e-01
   -1.67368795e-01   3.26217469e-01  -3.94568050e-01  -3.88840262e-01
   -7.63940747e-02  -2.02126180e-01   7.71738761e-02   6.27130456e-02
   -4.09486819e-02  -6.18455148e-03]
 [ -3.60877106e-03   4.37047008e-03   5.51734782e-03   2.12893169e-03
    1.20722033e-03   1.75632895e-02   8.90323477e-03   2.23779412e-02
    1.90907964e-02   8.90587408e-03  -5.83476248e-03  -1.07742497e-02
   -6.32280715e-03   8.61081144e-02  -1.69250804e-01   2.42961302e-01
    5.03903808e-01  -2.19442590e-01  -3.88988858e-02   3.42693779e-01
   -1.22560525e-01  -3.65719452e-01   1.33924938e-01  -2.87697265e-01
    2.54699882e-01  -3.43485301e-01   2.17189312e-01  -1.72411651e-02
   -4.76616443e-02   1.48491760e-02]
 [ -5.08124418e-03   5.08027954e-04   2.10543408e-03  -2.96232557e-04
    1.80535512e-03   1.98075414e-02   1.06310974e-02   9.62853803e-04
   -1.47589011e-04  -3.19330270e-03   2.13511927e-02   1.94986268e-02
    5.74735715e-03  -2.14910502e-01   1.11490364e-01   1.15095824e-01
   -2.77703373e-01  -2.93391701e-01  -1.79245966e-01   4.99094049e-01
    2.26370085e-01  -2.43598003e-01  -1.46571213e-01   3.74675677e-01
   -3.43134684e-01   1.17931231e-02   2.91318253e-01  -8.21466986e-02
    1.10548044e-02   1.51503682e-02]
 [  2.49665261e-03   6.39661319e-03   2.54014977e-02   6.53483088e-03
    6.95292064e-03   2.30027505e-02   3.48541605e-02  -2.47494542e-03
    2.25386265e-03  -1.16641513e-03  -7.98568074e-03   1.59360635e-04
   -4.76734922e-03   2.12186225e-01  -2.14936054e-01   2.72504827e-01
   -1.60057623e-01  -3.66520046e-01  -2.98235869e-01  -2.28658406e-01
    2.66931550e-01  -2.71105567e-01  -3.02628482e-01  -2.33081274e-01
    9.72484361e-02   2.96434494e-01  -3.05894647e-01   2.21193221e-01
    5.85741124e-03  -1.35998868e-02]
 [  1.72183439e-03  -1.06357486e-02   2.39993302e-02   5.26326287e-03
    7.96743690e-03   1.56578249e-02   1.61029174e-02  -3.05386399e-03
   -6.90653261e-04   2.79099853e-02   7.80840944e-03   6.21181009e-02
    5.26706725e-02  -3.62629712e-02  -8.59003595e-02   4.02742740e-01
   -1.18938515e-01   3.13341148e-01   7.01381031e-02   3.93326025e-01
   -4.93126420e-01  -1.20541587e-01   7.53604061e-02   1.90017751e-02
   -7.35811616e-02   3.43921462e-01  -3.98420175e-01  -2.50496766e-02
   -3.70169589e-02  -1.42691569e-02]
 [ -4.58601758e-04   2.22756287e-02   1.35712973e-02  -5.03559472e-03
   -2.73071753e-04   1.04065515e-02   1.98919556e-02   5.46441232e-03
    9.95360395e-03   2.64636550e-02   6.33559633e-03   5.14911251e-02
   -2.32587932e-02   3.71432623e-01   4.17705360e-01   3.12551398e-01
   -8.49773342e-02  -2.40292207e-01   6.50081130e-02  -1.39824915e-01
   -1.03799437e-01   1.44165221e-01   9.33768212e-03  -2.43236898e-01
   -2.87298958e-01  -1.18685802e-01  -2.96563103e-02  -5.53895811e-01
   -7.75473910e-03   2.61698738e-02]
 [ -4.83621302e-03   1.97122572e-03   5.74757047e-03   1.14394268e-03
   -7.61056148e-04   1.28402255e-02   1.10951698e-02  -6.60064760e-03
   -5.50099178e-03   1.22462219e-03  -2.67934474e-02   5.38122365e-03
    1.48839368e-02  -4.57704668e-02  -7.00006592e-02   2.33780414e-01
   -1.09974730e-01   3.14663860e-01   5.35589044e-01   8.35730551e-02
    3.11651897e-01  -4.40014935e-02  -5.63741802e-01  -9.08145318e-02
    9.42494705e-02  -3.00717271e-01  -3.65314025e-02  -4.91567857e-02
   -5.69916580e-02   2.41244564e-02]
 [ -2.48988711e-03  -6.85124113e-03   1.83176795e-03   1.99497760e-03
    4.42207984e-04  -1.46989244e-02  -1.49037813e-02  -6.52922398e-03
    1.60255314e-02   3.33838911e-02  -1.90067388e-02  -3.98227875e-02
    3.77658615e-02  -2.83857739e-01  -2.74137708e-01   4.58701188e-02
   -1.60676689e-01  -4.73863265e-01   1.71835180e-01  -1.11735053e-01
   -3.72092256e-01   2.17116420e-01  -4.39237665e-02   4.29893647e-02
   -2.23717977e-01  -4.41084580e-01  -2.35383906e-01   2.31862984e-01
   -3.04342185e-02  -2.09870750e-02]
 [  4.74376209e-03   2.32972081e-02  -2.25074301e-02   4.91661206e-03
    5.59731486e-03  -5.60822225e-03  -1.46628418e-02   1.48234713e-02
   -2.47060469e-02  -3.81427816e-02  -2.84377787e-03  -1.95922240e-02
   -2.34877432e-02  -3.70841448e-01   3.10364082e-01  -1.64517607e-01
    3.86951048e-01   5.86776331e-02  -1.24853723e-02  -3.45612908e-03
    2.42755157e-01  -2.60609904e-01   4.60956001e-02  -2.15082197e-01
   -4.14114087e-01  -5.40728125e-02  -4.78667106e-01   3.77680771e-02
   -2.95333108e-02  -8.50646498e-03]
 [ -1.01197925e-03   2.35478207e-02   8.74964238e-03   1.05012904e-03
    1.07233656e-03   9.72898171e-03   3.40886319e-02   2.40207262e-02
    1.03613430e-03   2.99597542e-03   1.72773426e-02   4.78506383e-02
   -4.47253568e-03   1.55999622e-01   8.45244403e-02   3.41100954e-01
    4.23639596e-01   1.81839048e-01  -1.17021842e-01  -3.44759572e-01
   -1.86816276e-01  -5.15299553e-02  -2.65288677e-01   4.12629161e-01
   -3.10522589e-01  -3.27668205e-02   2.01177360e-01   2.91614918e-01
    2.41286195e-02   1.43564891e-02]
 [ -9.79196954e-04  -3.95765719e-03  -1.36366555e-02   4.96640941e-03
    3.82797417e-03   1.62984300e-03   5.03549713e-03  -8.03131454e-03
    2.49179054e-02  -1.52574309e-02   4.84866454e-02   8.61022490e-03
   -8.57637225e-03   3.89231999e-01  -3.19766560e-01  -3.66584478e-01
    2.09993097e-01  -2.73523179e-02  -1.25313444e-01   1.64191045e-01
   -4.10319567e-03  -1.55332429e-02  -2.27781663e-01   3.89690089e-01
   -2.77559676e-02  -1.46651725e-01  -3.93631396e-01  -3.72853748e-01
   -1.21277716e-02   1.66940836e-02]
 [  1.17512083e-03   4.03481927e-03  -2.03365183e-02   9.57735986e-03
    6.92252331e-03   1.25389139e-03  -3.13657607e-03   3.63104648e-03
   -3.40825736e-02   4.95301683e-03  -4.23066827e-02  -2.96951220e-02
   -1.98291667e-02  -5.02743886e-01   8.18413314e-03   2.08831487e-01
   -5.16439018e-02   7.84628130e-02  -3.03236424e-01  -3.53425717e-01
   -8.20902279e-02  -1.80813138e-01  -3.71324985e-02   2.13634622e-01
    3.69143018e-01  -1.39654441e-01  -7.36323483e-02  -4.71822652e-01
   -5.27193520e-02   7.69628003e-04]
 [ -3.85683216e-03   2.32320659e-03   4.11051285e-04   7.20466637e-04
    5.17390885e-04  -1.50248655e-02   3.40903176e-03   1.22380827e-02
    1.47602572e-02   6.65243423e-03   3.03148813e-03  -1.02774435e-02
    3.41260607e-02  -1.81200741e-01  -1.11303246e-02   3.26130000e-01
    3.80132726e-01  -1.94244673e-01  -1.42642433e-02   2.05748744e-01
    3.06971374e-01   6.56253435e-01   8.91021240e-03   1.27755547e-01
    1.65121778e-01   2.13447971e-01  -1.25699429e-01  -4.44666412e-02
   -1.23077478e-02  -4.36878466e-02]
 [  2.46046797e-03  -1.45048820e-02   7.74657886e-03   1.94493749e-02
   -5.60926622e-03  -1.65636751e-02  -1.14418792e-02   1.03974842e-02
   -1.40138618e-02   4.63478845e-02   4.09625774e-03  -5.44979127e-02
    1.21258231e-02  -1.80703650e-01  -6.15031195e-01  -2.75276068e-03
    1.22679669e-01   7.67285522e-02   6.66252452e-02  -1.55284175e-01
    4.64811637e-02   1.99479980e-02   2.99734841e-03  -2.49478029e-01
   -4.35368461e-01   2.78749830e-01   2.92541794e-01  -3.39258043e-01
   -8.24352991e-03   1.04455727e-02]]
